
Values: 1 2 1 2 1 1 2 2 1 2
Mean: 1.5
SD: 0.5270462766947299

Values: 1 2 1 2 1 1 2 2 1 2 2 2 1 1 1 1 1 2 2 1
Mean: 1.45
SD: 0.5104177855340405

Values: 1 2 1 2 1 1 2 2 1 2 2 2 1 1 1 1 1 2 2 1 2 2 1 2 1 2 1 1 2 1
Mean: 1.4666666666666666
SD: 0.507416263404925

Values: 1 2 1 2 1 1 2 2 1 2 2 2 1 1 1 1 1 2 2 1 2 2 1 2 1 2 1 1 2 1 1 1 2 2 2 2 1 1 1 2
Mean: 1.475
SD: 0.505736325340815

Values: 1 2 1 2 1 1 2 2 1 2 2 2 1 1 1 1 1 2 2 1 2 2 1 2 1 2 1 1 2 1 1 1 2 2 2 2 1 1 1 2 1 2 2 1 1 2 2 1 2 1
Mean: 1.48
SD: 0.5046720495044485

Values: 1 2 1 2 1 1 2 2 1 2 2 2 1 1 1 1 1 2 2 1 2 2 1 2 1 2 1 1 2 1 1 1 2 2 2 2 1 1 1 2 1 2 2 1 1 2 2 1 2 1 1 1 2 2 1 1 2 2 1 2
Mean: 1.4833333333333334
SD: 0.503939284299098

Values: 1 2 1 2 1 1 2 2 1 2 2 2 1 1 1 1 1 2 2 1 2 2 1 2 1 2 1 1 2 1 1 1 2 2 2 2 1 1 1 2 1 2 2 1 1 2 2 1 2 1 1 1 2 2 1 1 2 2 1 2 2 1 1 2 2 1 1 1 2 1
Mean: 1.4714285714285715
SD: 0.5027872622251887

Values: 1 2 1 2 1 1 2 2 1 2 2 2 1 1 1 1 1 2 2 1 2 2 1 2 1 2 1 1 2 1 1 1 2 2 2 2 1 1 1 2 1 2 2 1 1 2 2 1 2 1 1 1 2 2 1 1 2 2 1 2 2 1 1 2 2 1 1 1 2 1 2 1 1 1 1 1 1 1 2 1
Mean: 1.4375
SD: 0.49920823386588253

Values: 1 2 1 2 1 1 2 2 1 2 2 2 1 1 1 1 1 2 2 1 2 2 1 2 1 2 1 1 2 1 1 1 2 2 2 2 1 1 1 2 1 2 2 1 1 2 2 1 2 1 1 1 2 2 1 1 2 2 1 2 2 1 1 2 2 1 1 1 2 1 2 1 1 1 1 1 1 1 2 1 1 1 2 2 2 2 2 1 2 1
Mean: 1.4555555555555555
SD: 0.5008108282005753

Values: 1 2 1 2 1 1 2 2 1 2 2 2 1 1 1 1 1 2 2 1 2 2 1 2 1 2 1 1 2 1 1 1 2 2 2 2 1 1 1 2 1 2 2 1 1 2 2 1 2 1 1 1 2 2 1 1 2 2 1 2 2 1 1 2 2 1 1 1 2 1 2 1 1 1 1 1 1 1 2 1 1 1 2 2 2 2 2 1 2 1 1 1 1 1 1 1 2 2 2 1
Mean: 1.44
SD: 0.49888765156985887

Values: 3 4 3 3 3 4 4 3 3 4
Mean: 3.4
SD: 0.5163977794943223

Values: 3 4 3 3 3 4 4 3 3 4 4 3 3 4 3 4 4 3 4 3
Mean: 3.45
SD: 0.5104177855340405

Values: 3 4 3 3 3 4 4 3 3 4 4 3 3 4 3 4 4 3 4 3 3 4 4 4 4 3 3 3 3 3
Mean: 3.433333333333333
SD: 0.504006932993731

Values: 3 4 3 3 3 4 4 3 3 4 4 3 3 4 3 4 4 3 4 3 3 4 4 4 4 3 3 3 3 3 4 4 4 3 3 3 4 3 4 4
Mean: 3.475
SD: 0.505736325340815

Values: 3 4 3 3 3 4 4 3 3 4 4 3 3 4 3 4 4 3 4 3 3 4 4 4 4 3 3 3 3 3 4 4 4 3 3 3 4 3 4 4 4 3 3 4 3 3 4 3 3 4
Mean: 3.46
SD: 0.5034574339058886

Values: 3 4 3 3 3 4 4 3 3 4 4 3 3 4 3 4 4 3 4 3 3 4 4 4 4 3 3 3 3 3 4 4 4 3 3 3 4 3 4 4 4 3 3 4 3 3 4 3 3 4 4 3 4 3 4 3 4 4 4 3
Mean: 3.4833333333333334
SD: 0.503939284299098

Values: 3 4 3 3 3 4 4 3 3 4 4 3 3 4 3 4 4 3 4 3 3 4 4 4 4 3 3 3 3 3 4 4 4 3 3 3 4 3 4 4 4 3 3 4 3 3 4 3 3 4 4 3 4 3 4 3 4 4 4 3 3 4 4 3 4 4 4 4 4 4
Mean: 3.5285714285714285
SD: 0.5027872622251887

Values: 3 4 3 3 3 4 4 3 3 4 4 3 3 4 3 4 4 3 4 3 3 4 4 4 4 3 3 3 3 3 4 4 4 3 3 3 4 3 4 4 4 3 3 4 3 3 4 3 3 4 4 3 4 3 4 3 4 4 4 3 3 4 4 3 4 4 4 4 4 4 4 3 3 3 4 3 3 3 4 3
Mean: 3.5
SD: 0.5031546054266276

Values: 3 4 3 3 3 4 4 3 3 4 4 3 3 4 3 4 4 3 4 3 3 4 4 4 4 3 3 3 3 3 4 4 4 3 3 3 4 3 4 4 4 3 3 4 3 3 4 3 3 4 4 3 4 3 4 3 4 4 4 3 3 4 4 3 4 4 4 4 4 4 4 3 3 3 4 3 3 3 4 3 4 3 4 4 4 4 4 4 4 4
Mean: 3.5444444444444443
SD: 0.5008108282005752

Values: 3 4 3 3 3 4 4 3 3 4 4 3 3 4 3 4 4 3 4 3 3 4 4 4 4 3 3 3 3 3 4 4 4 3 3 3 4 3 4 4 4 3 3 4 3 3 4 3 3 4 4 3 4 3 4 3 4 4 4 3 3 4 4 3 4 4 4 4 4 4 4 3 3 3 4 3 3 3 4 3 4 3 4 4 4 4 4 4 4 4 3 4 3 4 3 4 4 3 4 4
Mean: 3.55
SD: 0.5000000000000001
